service_id,monday,tuesday,wednesday,thursday,friday,saturday,sunday,start_date,end_date
10431,1,1,1,1,1,0,0,20150202,20150609
11016,0,0,0,0,0,1,1,20150201,20150607
10809,0,0,0,0,0,1,0,20150207,20150606
10400,1,1,1,1,1,1,0,20150202,20150609
10398,1,1,1,1,1,1,1,20150201,20150609
10907,1,1,1,1,1,1,1,20150202,20150609
11012,1,1,1,1,1,1,1,20150202,20150609
11014,1,1,1,1,1,1,1,20150202,20150609
10957,1,1,1,1,1,1,0,20150309,20150609
10958,0,1,1,1,1,1,1,20150309,20150609
10394,0,0,0,0,0,0,1,20150201,20150607
10955,0,0,0,0,0,0,1,20150201,20150607
10956,1,0,0,0,0,0,0,20150202,20150608
10854,0,0,0,0,0,1,1,20150201,20150607
11434,1,1,1,1,1,0,0,20150202,20150609
11436,0,0,0,0,0,1,1,20150207,20150607
11437,0,0,0,0,0,1,0,20150207,20150606
11439,1,1,1,1,1,0,0,20150203,20150609
11435,0,0,0,0,0,0,1,20150208,20150607
11429,0,0,0,0,0,0,1,20150201,20150607
11431,0,0,0,0,0,1,0,20150207,20150606
11430,0,0,0,0,0,1,1,20150201,20150607
11433,1,1,1,1,1,1,0,20150202,20150609
11030,1,1,1,1,1,1,1,20150201,20150609
11438,1,1,1,1,1,0,1,20150201,20150609
11441,1,1,1,1,1,1,1,20150201,20150609
11442,1,1,1,1,1,1,1,20150420,20150517
11440,1,1,1,1,1,0,0,20150302,20150320
11443,1,1,1,1,1,1,1,20150209,20150301
11444,1,1,1,1,1,1,1,20150420,20150517
11446,1,1,1,1,1,1,1,20150420,20150517
11445,1,1,1,1,1,1,1,20150201,20150609
11017,1,1,1,1,1,0,1,20150201,20150609
11454,1,1,1,1,1,1,1,20150201,20150517
11455,1,1,1,1,1,1,1,20150201,20150609
11451,1,1,1,1,1,1,1,20150302,20150609
11449,0,1,1,1,1,1,0,20150302,20150320
11450,1,0,0,0,0,0,1,20150302,20150322
11447,1,1,1,1,1,1,1,20150302,20150609
11448,0,0,0,0,0,1,1,20150302,20150315
11452,1,1,1,1,1,1,1,20150302,20150609
11456,1,0,0,0,0,0,0,20150202,20150608
10474,0,0,0,0,1,0,0,20150206,20150605
10476,1,0,0,0,0,0,0,20150202,20150608
10475,1,0,0,0,0,0,0,20150202,20150608
10473,0,0,1,0,0,1,0,20150204,20150606
10471,1,0,0,0,0,0,0,20150202,20150608
10472,1,1,1,1,1,1,0,20150202,20150609
8886,0,0,0,0,0,1,1,20150207,20150222
8890,0,0,0,0,0,0,1,20150215,20150222
8887,0,0,0,0,0,1,0,20150214,20150221
8885,0,0,0,0,1,0,0,20150213,20150220
11457,0,0,0,0,0,1,1,20150201,20150329
11416,1,1,1,1,1,0,0,20150202,20150331
8888,1,1,1,1,1,1,0,20150204,20150228
8889,0,0,0,0,0,0,1,20150208,20150301
11238,1,1,1,1,1,0,0,20150202,20150227
11307,1,1,1,1,1,0,0,20150202,20150208
10536,1,1,1,1,1,0,0,20150202,20150213
10551,0,1,1,1,1,1,0,20150203,20150214
11300,0,1,1,1,1,1,0,20150217,20150228
11132,1,1,1,1,1,0,0,20150216,20150227
11305,1,1,1,1,1,0,0,20150202,20150227
11644,1,1,1,1,1,0,0,20150202,20150206
11645,0,1,1,1,1,1,0,20150203,20150207
11428,1,1,1,1,1,0,0,20150209,20150227
11642,0,1,1,1,1,1,0,20150210,20150228
11673,0,1,1,1,1,1,0,20150203,20150207
11668,0,0,0,0,0,0,1,20150309,20150315
11670,0,0,0,0,0,1,1,20150309,20150315
11045,1,1,1,1,1,0,0,20150202,20150206
11039,1,1,1,1,1,0,0,20150209,20150220
10954,0,1,1,1,1,1,0,20150203,20150213
10849,0,1,1,1,1,1,0,20150203,20150207
11043,0,1,1,1,1,1,0,20150210,20150221
11044,1,1,1,1,1,0,0,20150202,20150212
11042,0,1,1,1,1,1,0,20150202,20150221
11469,1,1,1,1,1,1,1,20150201,20150301
11470,1,1,1,1,1,1,1,20150302,20150609
11672,0,1,1,1,1,1,0,20150203,20150609
11427,0,1,1,1,1,1,0,20150203,20150207
11426,1,1,1,1,1,0,0,20150302,20150329
11475,0,0,0,0,1,0,0,20150206,20150605
11473,1,1,1,1,1,0,0,20150202,20150609
11465,0,1,1,1,1,1,0,20150302,20150321
10424,1,1,1,1,1,0,0,20150202,20150206
10634,1,1,1,1,1,0,0,20150202,20150424
11231,1,1,1,1,0,0,0,20150202,20150226
10470,0,0,0,0,0,1,1,20150207,20150208
10647,1,1,1,1,1,0,0,20150202,20150227
10379,0,0,0,0,0,1,0,20150214,20150221
11367,0,0,0,0,1,1,0,20150213,20150221
11331,0,0,0,0,1,1,0,20150213,20150221
10494,1,0,0,0,0,0,0,20150216,20150223
10556,0,0,0,0,0,1,1,20150214,20150222
10886,1,1,1,1,1,1,0,20150220,20150307
10888,1,1,1,1,1,1,0,20150216,20150307
10887,1,1,1,1,1,0,0,20150219,20150306
10520,1,1,1,1,1,0,0,20150223,20150227
10527,1,1,1,1,0,0,0,20150223,20150226
10478,1,1,1,1,0,0,0,20150302,20150305
10563,1,1,1,1,1,0,0,20150302,20150306
10562,0,1,1,1,1,1,0,20150303,20150307
10479,1,1,1,1,1,0,0,20150302,20150306
10564,1,1,1,1,0,0,0,20150216,20150219
10565,1,1,1,1,0,0,0,20150216,20150219
11683,0,1,1,1,1,1,0,20150203,20150321
11685,0,0,0,0,1,1,0,20150213,20150221
11686,0,0,0,0,0,1,0,20150214,20150221
10555,1,1,1,1,1,0,0,20150202,20150213
10553,1,1,1,1,1,0,0,20150202,20150213
10552,1,1,1,1,1,0,0,20150202,20150213
10554,0,1,1,1,1,0,0,20150303,20150306
10395,1,1,1,1,0,0,0,20150302,20150305
10557,1,1,1,1,0,0,0,20150302,20150305
10559,1,1,1,1,1,0,0,20150216,20150220
10876,1,1,1,1,1,0,0,20150216,20150307
10878,0,1,1,1,1,1,1,20150216,20150308
10817,0,0,0,0,0,1,0,20150207,20150221
10818,0,0,0,0,0,0,1,20150201,20150222
10875,1,1,1,1,1,0,0,20150216,20150307
10490,0,0,0,0,0,0,1,20150201,20150208
10884,1,1,1,1,1,0,0,20150219,20150306
10885,1,1,1,1,1,0,0,20150223,20150227
10883,0,1,1,1,1,1,0,20150220,20150307
10857,1,0,0,0,0,0,1,20150301,20150308
10858,0,1,1,1,1,1,0,20150216,20150307
10879,0,1,1,1,0,0,0,20150217,20150219
10881,1,1,1,1,1,1,0,20150302,20150307
10861,0,0,0,0,0,0,1,20150301,20150308
10882,0,1,1,1,1,1,0,20150216,20150228
10859,0,1,1,1,1,1,0,20150303,20150307
10880,0,0,0,0,1,1,0,20150216,20150228
10860,0,1,1,1,1,1,0,20150217,20150228
10855,0,1,1,1,1,1,0,20150224,20150228
10856,1,1,1,1,1,0,0,20150223,20150227
10864,0,0,0,0,0,0,1,20150223,20150308
10865,1,0,0,0,0,0,0,20150202,20150222
10525,1,1,1,1,0,0,0,20150302,20150305
10825,1,0,0,0,0,0,0,20150202,20150209
10701,1,1,1,1,1,0,0,20150209,20150213
10870,1,1,1,1,1,1,0,20150223,20150228
10871,1,1,1,1,1,0,0,20150223,20150227
10867,1,1,1,1,1,1,0,20150223,20150228
10866,1,1,1,1,1,1,0,20150223,20150228
10868,0,1,1,1,1,1,0,20150223,20150228
10869,1,1,1,1,1,1,1,20150223,20150301
10872,1,1,1,1,1,0,0,20150223,20150227
10873,0,1,1,1,1,1,0,20150224,20150228
11690,1,1,1,1,1,1,1,20150201,20150609
10377,1,1,1,1,1,0,0,20150202,20150510
10992,1,1,1,1,1,1,1,20150201,20150405
10991,1,0,0,0,0,1,1,20150201,20150503
10993,0,0,0,0,0,0,1,20150201,20150607
10994,1,1,1,1,1,0,0,20150309,20150322
10988,1,1,1,1,0,0,0,20150323,20150405
10989,0,0,0,0,0,0,1,20150208,20150503
11006,1,1,1,1,1,1,1,20150202,20150609
10981,1,1,1,1,1,1,1,20150201,20150609
11004,1,1,1,1,1,1,1,20150221,20150609
11005,1,1,1,1,1,0,0,20150223,20150313
10997,1,1,1,1,1,0,0,20150323,20150407
10998,1,1,1,1,1,1,0,20150202,20150609
11000,1,1,1,1,1,1,1,20150201,20150301
10999,0,1,1,1,1,0,0,20150203,20150510
10996,1,1,1,1,1,0,1,20150201,20150609
10995,1,1,1,1,1,0,0,20150323,20150417
10973,1,1,1,1,1,0,0,20150518,20150524
10967,1,1,1,1,1,0,0,20150601,20150609
10972,1,1,1,1,1,0,0,20150518,20150522
11001,1,1,1,1,1,1,1,20150201,20150609
10968,1,1,1,1,1,0,0,20150202,20150301
11003,0,0,0,0,0,1,0,20150207,20150606
10980,0,0,0,0,0,1,1,20150221,20150607
10975,1,1,1,1,0,0,0,20150427,20150510
10978,1,1,1,1,1,1,1,20150202,20150609
10979,1,1,1,1,1,0,0,20150511,20150522
10976,1,1,1,1,1,1,1,20150202,20150609
10965,1,1,1,1,1,0,0,20150202,20150308
10964,0,0,0,0,1,0,0,20150206,20150605
10963,1,1,1,1,1,1,1,20150201,20150609
10966,1,1,1,1,1,1,1,20150201,20150405
10961,1,1,1,1,0,0,0,20150202,20150510
10960,0,0,0,0,0,1,0,20150207,20150606
10959,1,1,1,1,1,0,0,20150202,20150609
10962,0,0,0,0,1,0,0,20150427,20150510
10974,0,0,0,0,1,0,0,20150427,20150510
10969,0,0,0,0,1,0,0,20150427,20150510
10971,1,1,1,1,1,0,0,20150309,20150405
10986,1,1,1,1,1,1,1,20150202,20150609
10983,1,1,1,1,1,1,1,20150202,20150609
10982,1,1,1,1,1,1,1,20150216,20150609
10984,1,1,1,1,1,1,1,20150309,20150405
10891,0,0,0,0,0,1,1,20150202,20150524
10889,0,0,0,0,0,1,1,20150201,20150607
10890,0,0,0,0,0,1,1,20150201,20150607
10892,0,0,0,0,0,1,1,20150207,20150607
10899,1,1,1,1,1,1,1,20150203,20150609
10893,0,0,0,0,0,1,1,20150201,20150607
10897,1,1,1,1,1,1,1,20150201,20150609
10894,0,1,1,1,1,0,0,20150427,20150510
10898,1,1,1,1,1,1,1,20150201,20150609
10895,0,0,0,0,0,1,1,20150201,20150607
10896,1,1,1,1,1,1,1,20150201,20150609
10624,0,0,0,0,0,1,0,20150207,20150222
10759,1,1,1,1,1,1,1,20150201,20150211
10760,1,1,1,1,1,0,0,20150302,20150331
10709,1,1,1,1,1,0,0,20150202,20150211
10710,1,1,1,1,1,0,0,20150212,20150424
10761,1,1,1,1,1,0,0,20150212,20150227
10670,0,0,0,0,0,0,1,20150330,20150426
10668,1,1,1,1,1,0,0,20150303,20150609
10742,0,0,0,0,0,0,1,20150215,20150301
10758,0,0,1,1,1,0,0,20150401,20150403
10757,0,0,0,0,0,1,1,20150214,20150426
10756,1,1,1,1,1,0,1,20150201,20150211
10727,0,0,0,0,0,1,0,20150214,20150425
10744,1,1,1,1,1,0,0,20150202,20150302
10711,0,0,0,1,1,0,0,20150212,20150213
10633,1,1,1,1,1,0,0,20150511,20150609
10728,1,1,1,1,1,1,1,20150201,20150211
10739,1,1,1,1,1,0,0,20150216,20150609
10738,0,0,0,0,1,0,0,20150427,20150510
10737,0,0,0,0,1,0,0,20150501,20150514
10636,0,0,0,0,0,1,0,20150525,20150606
10743,0,0,0,0,0,1,0,20150307,20150606
10740,0,0,0,0,0,1,0,20150214,20150228
10741,1,1,1,1,1,0,0,20150212,20150302
10676,1,1,1,1,1,0,0,20150303,20150424
10715,0,0,0,0,0,0,1,20150201,20150208
10753,1,1,1,1,1,0,1,20150303,20150426
10752,1,1,1,1,1,1,1,20150330,20150426
10627,0,0,0,0,0,1,1,20150201,20150208
10716,0,0,0,0,0,0,1,20150215,20150426
10684,0,0,0,0,0,1,0,20150307,20150425
10751,1,0,0,0,0,0,0,20150202,20150302
10750,1,1,1,1,1,0,1,20150303,20150609
10638,0,0,0,0,0,0,1,20150501,20150517
10734,1,1,1,1,1,0,0,20150212,20150609
10719,0,0,0,0,0,1,1,20150214,20150426
10720,0,0,0,0,0,1,1,20150525,20150607
10630,1,1,1,1,1,0,0,20150504,20150609
10721,0,0,0,0,0,1,1,20150201,20150208
10731,1,1,1,1,1,0,1,20150212,20150426
10754,1,1,1,1,1,0,1,20150201,20150211
10641,0,0,0,0,0,1,1,20150504,20150517
10745,0,0,0,0,0,1,1,20150214,20150301
10730,0,0,0,0,0,1,1,20150201,20150208
10749,1,0,0,0,0,0,0,20150216,20150302
10746,0,1,1,1,1,0,0,20150212,20150227
10748,0,1,1,1,1,0,0,20150203,20150211
10747,1,0,0,0,0,0,0,20150202,20150209
10729,1,1,1,1,1,1,1,20150212,20150426
10713,1,1,1,1,1,0,0,20150202,20150211
10726,1,1,1,1,1,0,0,20150202,20150211
10489,0,1,1,1,1,0,0,20150203,20150227
10717,1,1,1,0,0,0,0,20150209,20150211
10718,0,1,1,1,0,0,0,20150428,20150430
10644,0,0,0,0,0,0,1,20150525,20150607
10714,1,1,1,1,1,0,0,20150216,20150424
10723,1,0,0,0,0,0,0,20150427,20150608
10724,1,1,1,1,1,1,0,20150212,20150425
10722,1,1,1,1,1,0,0,20150427,20150609
10683,0,0,0,0,1,0,0,20150427,20150510
10736,0,1,1,1,1,0,0,20150428,20150609
10732,1,1,1,1,1,0,1,20150201,20150211
10628,1,1,1,1,0,0,0,20150427,20150430
10733,1,1,1,1,1,0,0,20150427,20150510
10631,1,1,1,1,1,1,1,20150201,20150426
10632,1,1,1,1,0,0,0,20150427,20150510
10629,0,0,0,0,0,1,1,20150525,20150607
10669,1,1,1,1,1,0,0,20150202,20150302
10680,1,1,1,1,1,0,0,20150407,20150417
10637,0,0,0,0,0,1,0,20150207,20150425
10645,1,1,1,1,1,1,0,20150202,20150425
10671,0,0,0,0,0,1,1,20150201,20150301
10677,1,1,1,1,1,1,1,20150303,20150609
10679,1,1,1,1,1,0,0,20150303,20150424
10678,0,0,0,0,0,1,1,20150328,20150329
10648,0,0,0,0,0,0,1,20150201,20150301
10682,0,0,0,0,0,0,1,20150201,20150419
10686,1,1,1,1,1,0,0,20150202,20150417
10685,0,0,0,0,0,1,0,20150207,20150228
10681,0,0,0,0,0,0,1,20150201,20150419
10635,0,0,0,0,0,0,1,20150201,20150426
10665,1,1,1,1,1,0,0,20150202,20150213
10666,1,1,1,1,1,0,0,20150216,20150609
10656,0,0,0,0,0,1,0,20150207,20150425
10663,1,1,1,1,1,0,0,20150427,20150609
10664,1,1,1,1,1,1,0,20150216,20150426
10674,1,1,1,1,1,0,0,20150206,20150302
10672,0,0,0,0,0,1,1,20150307,20150426
10675,1,1,1,1,0,0,0,20150202,20150205
10667,0,0,0,0,0,0,1,20150308,20150426
10651,1,1,1,1,1,0,0,20150302,20150424
10650,1,1,1,1,1,0,1,20150303,20150609
10654,1,1,1,1,0,0,0,20150202,20150205
10655,1,1,1,1,1,0,0,20150206,20150609
10640,0,0,0,0,0,1,1,20150201,20150426
10639,0,0,0,0,0,1,0,20150207,20150606
10642,1,1,1,1,1,0,0,20150511,20150609
10643,0,0,0,0,0,0,1,20150201,20150426
10660,0,0,0,0,0,1,0,20150207,20150425
10658,0,0,0,0,1,0,0,20150427,20150510
10657,0,0,0,0,0,1,0,20150207,20150606
10662,1,0,0,0,0,0,1,20150525,20150607
10626,0,0,0,0,0,1,1,20150201,20150222
10625,1,1,1,1,1,0,0,20150202,20150222
10688,0,0,0,0,0,1,0,20150228,20150307
10580,0,0,0,0,0,1,1,20150411,20150517
10689,0,0,0,0,0,1,1,20150523,20150531
10584,0,0,0,0,0,1,1,20150425,20150517
10697,1,1,1,1,1,1,1,20150223,20150322
10569,1,1,1,1,1,0,0,20150202,20150609
10696,1,1,1,1,1,0,0,20150202,20150609
10698,1,1,1,1,1,0,0,20150420,20150517
10690,0,0,0,0,0,1,0,20150523,20150530
10694,0,0,0,0,0,1,1,20150411,20150531
10695,0,0,0,0,0,1,1,20150411,20150531
10615,0,0,0,0,0,1,0,20150411,20150516
10691,0,0,0,0,0,0,1,20150524,20150531
10693,0,0,0,0,0,1,0,20150411,20150530
10692,0,0,0,0,0,0,1,20150412,20150419
10621,1,1,1,1,1,0,0,20150323,20150426
10700,0,0,0,0,0,1,1,20150228,20150322
10699,1,1,1,1,1,0,0,20150202,20150222
10579,0,0,0,0,0,1,1,20150228,20150322
10581,0,0,0,0,0,1,1,20150412,20150517
10611,0,0,0,0,0,1,1,20150411,20150419
10592,0,0,0,0,0,1,1,20150411,20150517
10600,0,0,0,0,0,1,0,20150228,20150606
10702,0,0,0,0,0,1,1,20150228,20150322
10587,0,0,0,0,0,1,0,20150425,20150516
10593,1,1,1,1,1,0,0,20150420,20150517
10602,1,1,1,1,1,1,0,20150223,20150322
10708,0,0,0,0,0,1,1,20150425,20150531
10707,1,1,1,1,1,0,0,20150202,20150405
10706,1,1,1,1,1,1,1,20150223,20150322
10705,0,0,0,0,1,0,0,20150420,20150517
10703,1,1,1,1,1,1,1,20150223,20150322
10704,1,1,1,1,1,0,0,20150420,20150517
10623,1,1,1,1,1,1,1,20150223,20150322
10594,0,0,0,0,0,1,0,20150228,20150322
10608,0,0,0,0,1,1,1,20150425,20150517
10586,0,0,0,0,1,1,1,20150424,20150517
10585,0,0,0,0,0,0,1,20150426,20150517
10610,0,0,0,0,0,1,1,20150424,20150517
10595,0,0,0,0,0,1,1,20150228,20150607
10596,0,0,0,0,0,0,1,20150301,20150322
10599,1,1,1,1,1,1,1,20150223,20150322
10598,0,0,0,0,0,1,1,20150518,20150607
10597,0,0,0,0,0,1,1,20150518,20150607
10605,1,1,1,1,1,0,0,20150202,20150609
10604,0,1,1,1,1,1,0,20150224,20150228
10606,0,0,0,0,1,0,0,20150420,20150517
10607,0,0,0,0,0,0,1,20150301,20150607
10603,1,1,1,1,1,0,0,20150420,20150517
10601,0,0,0,0,0,0,1,20150301,20150607
10589,0,0,0,0,0,0,1,20150412,20150517
10570,1,1,1,1,1,0,0,20150420,20150517
10578,1,1,1,1,1,0,0,20150202,20150222
10577,1,0,0,0,0,0,0,20150427,20150608
10573,1,1,1,1,0,0,0,20150427,20150510
10572,0,0,0,0,0,0,1,20150301,20150322
10571,0,0,0,0,0,1,1,20150302,20150419
10574,1,1,1,1,1,1,1,20150518,20150609
10576,0,0,0,0,0,0,1,20150301,20150322
10575,0,0,0,0,0,0,1,20150301,20150322
10622,0,0,0,0,0,1,0,20150518,20150606
10620,1,1,1,1,1,0,0,20150323,20150517
10619,1,1,1,1,1,1,1,20150518,20150609
10617,1,1,1,1,1,0,0,20150511,20150609
10616,0,1,1,1,1,1,0,20150518,20150609
10612,0,0,0,0,0,0,1,20150419,20150517
10613,0,0,0,0,0,1,1,20150425,20150503
10614,0,0,0,0,0,1,1,20150411,20150517
10507,1,1,1,1,1,0,0,20150203,20150227
10506,1,1,1,1,0,0,0,20150202,20150226
10510,1,0,0,0,0,0,0,20150202,20150215
10511,1,1,1,1,1,0,0,20150209,20150227
10508,0,1,1,1,1,0,0,20150203,20150213
10483,0,0,0,0,1,0,0,20150206,20150213
10381,1,1,1,1,1,1,1,20150201,20150609
10491,0,1,1,1,1,0,0,20150224,20150227
10492,1,1,1,1,1,0,0,20150202,20150220
10459,1,1,1,1,1,1,0,20150202,20150609
10500,1,1,1,1,0,0,0,20150202,20150205
10501,1,1,1,1,0,0,0,20150202,20150212
10502,0,1,1,1,1,0,0,20150210,20150213
10497,0,0,0,0,0,0,1,20150209,20150222
10499,1,1,1,1,0,0,0,20150223,20150226
10538,1,1,1,1,0,0,0,20150202,20150226
10539,1,1,1,1,0,0,1,20150201,20150226
10537,0,0,0,0,0,0,1,20150208,20150215
10485,0,1,1,1,1,0,0,20150303,20150306
10517,1,1,1,1,1,0,0,20150202,20150206
10518,1,1,1,1,0,0,0,20150202,20150212
10519,1,1,1,1,1,0,0,20150202,20150209
10541,1,1,1,1,0,0,0,20150202,20150212
10540,1,1,1,1,0,0,1,20150216,20150226
10505,0,0,0,0,1,1,0,20150427,20150606
10405,0,0,0,0,0,1,0,20150207,20150606
10399,0,0,0,0,0,1,1,20150201,20150510
10504,0,0,0,0,1,1,0,20150223,20150322
10522,1,1,1,1,1,0,0,20150202,20150213
10523,0,0,0,0,1,0,0,20150206,20150213
10526,1,1,1,1,0,0,1,20150201,20150215
10528,1,1,1,1,0,0,1,20150201,20150219
10495,1,1,1,1,1,0,0,20150302,20150306
10524,1,1,1,1,0,0,1,20150202,20150219
10543,1,1,1,1,0,0,0,20150202,20150205
10542,1,1,1,1,0,0,0,20150209,20150212
10544,0,0,0,0,0,0,1,20150201,20150222
10456,1,1,1,1,1,1,1,20150201,20150609
10514,0,0,0,0,1,1,0,20150216,20150322
10457,0,0,0,0,0,1,1,20150201,20150510
10467,0,0,0,0,0,1,0,20150207,20150606
10547,1,1,1,1,0,0,1,20150201,20150212
10531,1,1,1,1,1,1,1,20150201,20150609
10530,0,0,0,0,1,1,0,20150216,20150322
10529,0,0,0,0,0,1,1,20150323,20150426
10533,1,1,1,1,0,0,0,20150202,20150213
10380,0,0,0,0,0,0,1,20150215,20150222
10546,1,1,1,1,1,1,1,20150201,20150609
10941,0,0,0,0,1,0,0,20150501,20150508
10942,0,1,1,1,1,1,0,20150428,20150509
10940,1,1,1,1,0,0,0,20150427,20150507
10943,1,1,1,1,1,0,0,20150427,20150508
10939,0,1,1,1,1,0,0,20150428,20150508
10938,0,0,0,0,0,1,0,20150502,20150509
10926,1,1,1,1,1,0,0,20150316,20150320
10946,1,1,1,1,1,0,0,20150202,20150524
10951,0,0,0,0,0,1,1,20150201,20150607
10950,0,0,1,1,1,1,0,20150427,20150510
10949,1,0,0,0,0,0,1,20150201,20150608
10948,0,0,1,1,1,1,0,20150427,20150510
10947,0,1,1,1,1,0,0,20150427,20150510
10945,0,1,1,1,1,0,0,20150427,20150510
10826,0,1,1,1,1,1,0,20150217,20150221
10952,0,0,0,0,1,1,0,20150220,20150221
10953,0,0,0,0,0,1,1,20150221,20150222
10802,1,1,1,1,1,1,1,20150201,20150609
10803,1,1,1,1,1,1,1,20150201,20150609
10804,1,1,1,1,1,1,1,20150201,20150609
10799,0,0,0,0,1,0,0,20150413,20150510
10801,1,1,1,1,1,1,1,20150223,20150609
10779,0,0,0,1,1,0,0,20150219,20150220
10780,0,0,0,1,1,0,0,20150219,20150220
10776,0,0,0,0,0,1,0,20150207,20150606
10790,1,1,1,1,1,1,0,20150202,20150419
10788,0,0,0,0,0,1,0,20150207,20150405
10789,1,1,1,1,1,0,0,20150406,20150517
10791,0,0,0,0,1,0,0,20150413,20150510
10793,1,0,0,0,0,1,1,20150425,20150518
10794,1,1,1,1,1,1,1,20150302,20150419
10798,1,1,1,1,1,0,0,20150420,20150517
10797,1,1,1,1,1,1,1,20150202,20150609
10795,1,1,1,1,1,1,1,20150302,20150609
10796,1,1,1,1,1,1,1,20150309,20150419
10800,0,0,0,0,0,1,0,20150207,20150606
10808,1,1,1,1,1,1,1,20150201,20150609
10807,1,1,1,1,1,1,0,20150302,20150609
10810,1,0,0,0,0,0,0,20150202,20150215
10806,1,1,1,1,1,1,1,20150202,20150609
10805,1,1,1,1,1,1,1,20150201,20150609
10811,0,1,1,1,1,1,0,20150210,20150214
10812,0,0,0,0,0,0,1,20150201,20150405
10925,0,1,1,1,1,1,0,20150317,20150321
10902,1,1,1,1,0,0,0,20150302,20150305
10921,0,0,0,0,0,1,1,20150214,20150607
10923,1,1,1,1,1,1,1,20150203,20150609
10922,1,1,1,1,1,1,1,20150202,20150609
10917,1,1,1,1,1,1,1,20150201,20150609
10919,1,1,1,1,1,1,1,20150202,20150609
10918,1,0,0,0,0,0,0,20150202,20150301
10920,1,1,1,1,1,1,1,20150201,20150609
10906,1,1,1,1,1,1,1,20150202,20150609
10905,0,0,0,0,0,1,1,20150207,20150607
10913,1,1,1,1,1,1,1,20150201,20150609
10910,1,1,1,1,1,1,1,20150201,20150609
10912,1,1,1,1,1,1,1,20150201,20150609
10916,1,1,1,1,1,1,1,20150203,20150609
10915,1,1,1,1,1,1,1,20150203,20150609
10914,1,1,1,1,0,0,0,20150427,20150510
10909,1,1,1,1,1,1,1,20150201,20150609
10934,1,1,1,1,1,1,1,20150201,20150609
10933,0,0,0,0,0,1,1,20150201,20150607
10935,0,0,0,0,0,1,1,20150201,20150607
10931,1,1,1,1,1,1,1,20150201,20150609
10932,0,0,0,0,0,1,1,20150202,20150301
10936,0,0,0,0,0,1,1,20150201,20150607
10930,1,1,1,1,1,1,1,20150201,20150609
10927,1,1,1,1,1,1,1,20150201,20150609
10929,1,1,1,1,1,1,1,20150201,20150609
10418,1,1,1,1,1,0,1,20150201,20150510
10417,1,1,1,1,1,1,1,20150201,20150609
10419,1,1,1,1,1,1,1,20150201,20150412
10420,1,1,1,1,1,1,0,20150202,20150609
10421,0,0,0,0,0,0,1,20150201,20150607
10416,1,1,1,1,1,1,1,20150427,20150606
10415,0,0,0,0,0,1,1,20150323,20150426
10413,1,1,1,1,1,0,0,20150202,20150510
10414,1,1,1,1,1,1,1,20150201,20150510
10412,0,0,0,0,0,0,1,20150201,20150607
10410,1,1,1,1,1,1,1,20150201,20150510
10411,1,1,1,1,1,1,1,20150201,20150609
10402,1,1,1,1,1,1,1,20150309,20150606
10404,1,1,1,1,1,1,1,20150427,20150524
10403,1,1,1,1,1,1,0,20150316,20150606
10401,0,0,0,0,0,1,0,20150323,20150426
10406,1,1,1,1,1,1,1,20150427,20150531
10409,1,1,1,1,1,1,1,20150427,20150531
10408,0,0,0,0,0,1,0,20150302,20150315
11687,1,1,1,1,1,1,1,20150201,20150609
11688,1,1,1,1,1,1,1,20150201,20150609
11689,1,1,1,1,1,0,0,20150202,20150609
10378,1,1,1,1,1,0,0,20150202,20150212
10781,0,0,0,0,0,1,1,20150201,20150222
10764,0,0,0,0,0,1,0,20150411,20150418
10850,0,0,0,0,0,1,1,20150411,20150419
10816,0,0,0,0,0,0,1,20150201,20150215
10769,0,0,0,0,0,0,1,20150201,20150222
10766,1,1,1,1,1,1,0,20150223,20150322
10843,0,0,0,0,0,0,1,20150201,20150207
10844,0,0,0,0,0,1,1,20150208,20150222
10823,0,1,1,1,1,0,0,20150420,20150517
10829,1,1,1,1,1,1,1,20150302,20150609
10830,1,1,1,1,1,1,1,20150302,20150609
10832,1,1,1,1,1,1,1,20150302,20150609
10831,0,1,1,1,1,0,0,20150420,20150517
10838,0,0,0,0,0,1,1,20150411,20150517
10836,1,1,1,1,1,0,0,20150406,20150517
10833,1,1,1,1,1,0,0,20150406,20150517
10834,1,1,1,1,1,1,1,20150302,20150609
10835,1,1,1,1,1,1,0,20150202,20150405
10837,1,1,1,1,1,0,1,20150201,20150609
10828,0,1,1,1,0,0,0,20150303,20150305
10822,0,0,0,0,0,0,1,20150201,20150222
10819,0,0,0,0,0,1,1,20150207,20150222
10787,0,0,0,0,0,0,1,20150412,20150517
10853,0,0,0,0,0,0,1,20150412,20150419
10847,1,1,1,1,1,0,0,20150209,20150213
10845,1,1,1,1,1,1,1,20150202,20150609
10851,0,0,0,0,0,1,0,20150302,20150405
10852,1,1,1,1,1,1,1,20150223,20150322
10814,0,0,0,0,0,1,0,20150427,20150516
10813,1,0,0,0,0,0,1,20150201,20150222
10785,1,1,1,0,0,0,0,20150216,20150308
10783,0,0,0,0,0,1,1,20150228,20150307
10786,1,1,1,1,0,0,0,20150216,20150308
10782,0,0,0,0,0,1,1,20150228,20150301
10777,0,0,0,0,0,1,1,20150323,20150405
10768,1,0,0,0,0,0,1,20150302,20150308
10770,0,1,1,1,0,0,0,20150420,20150517
10771,0,1,1,1,0,0,0,20150420,20150517
10383,1,1,1,1,1,1,1,20150203,20150228
10386,1,1,1,1,1,1,1,20150427,20150609
10382,0,0,0,0,0,1,1,20150316,20150426
10384,0,0,0,0,0,1,1,20150201,20150510
10385,0,0,0,0,0,1,1,20150201,20150510
10387,1,1,1,1,1,1,1,20150427,20150609
10392,0,0,0,0,1,1,1,20150214,20150301
10393,0,0,0,0,0,1,1,20150201,20150510
10391,0,0,0,0,1,1,0,20150406,20150510
10390,0,0,0,0,1,1,1,20150214,20150301
10389,1,1,1,1,1,1,0,20150202,20150609
10388,1,1,1,1,1,1,1,20150201,20150609
10462,1,1,1,1,1,1,1,20150201,20150609
10463,1,1,1,1,1,1,0,20150302,20150609
10458,0,0,0,0,0,0,1,20150201,20150607
10465,0,0,0,0,1,1,0,20150223,20150329
10466,1,1,1,1,1,0,0,20150202,20150609
10464,0,0,0,0,0,1,0,20150406,20150503
10460,0,0,0,0,0,0,1,20150504,20150524
10461,0,0,0,0,0,1,0,20150206,20150606
10443,1,0,0,0,0,0,0,20150209,20150227
10446,1,1,1,1,0,0,0,20150223,20150226
10445,0,0,0,0,0,0,1,20150209,20150222
10451,1,1,1,1,0,0,1,20150216,20150226
10450,1,1,1,1,0,0,1,20150201,20150226
10452,0,0,0,0,0,0,1,20150201,20150222
10454,0,0,0,0,1,0,0,20150213,20150220
10765,1,1,1,1,0,1,0,20150427,20150510
10767,1,1,1,1,1,1,0,20150223,20150322
10763,1,1,1,1,1,1,0,20150223,20150322
10436,1,1,1,1,1,1,1,20150201,20150609
10437,1,1,1,1,0,0,0,20150427,20150517
10438,0,0,0,0,0,0,1,20150208,20150607
10435,1,1,0,0,0,0,0,20150202,20150213
10442,0,0,0,0,0,1,0,20150207,20150606
10425,1,1,1,1,1,0,0,20150209,20150510
10440,0,0,0,0,0,1,0,20150214,20150510
10426,1,1,1,0,0,0,0,20150330,20150401
10423,1,1,1,1,1,1,1,20150201,20150208
10429,1,1,1,1,1,1,0,20150202,20150207
10427,1,1,1,1,0,0,0,20150316,20150329
10422,1,1,1,1,1,1,1,20150209,20150609
10432,0,0,0,0,0,0,1,20150201,20150607
10434,1,1,1,1,1,1,0,20150302,20150315
10430,1,1,1,1,1,1,0,20150202,20150609
11047,1,1,1,1,1,0,0,20150302,20150403
11046,1,1,1,1,1,0,0,20150202,20150301
11537,1,1,1,1,1,0,0,20150202,20150301
11542,0,0,1,1,1,0,0,20150401,20150407
11509,1,1,1,1,1,0,0,20150303,20150407
11543,1,1,1,1,0,0,0,20150427,20150601
11545,0,0,0,0,0,0,1,20150201,20150301
11544,1,1,1,1,1,0,0,20150303,20150331
11541,0,0,0,0,0,1,0,20150425,20150606
11540,0,0,0,0,1,0,1,20150426,20150510
11538,1,1,1,1,1,1,0,20150511,20150609
11202,0,0,0,0,0,1,0,20150307,20150404
11539,1,1,1,1,1,1,0,20150202,20150301
11570,0,0,0,0,1,0,0,20150515,20150522
11569,0,0,0,0,0,0,1,20150503,20150510
11561,0,0,0,0,0,0,1,20150322,20150329
11573,0,0,0,0,0,0,1,20150531,20150607
11566,1,1,1,1,1,1,1,20150303,20150407
11557,1,1,1,1,1,1,1,20150425,20150601
11568,1,1,1,1,0,0,0,20150427,20150526
11559,1,1,1,1,1,1,1,20150201,20150301
11567,0,0,1,1,1,0,0,20150527,20150531
11575,0,0,0,0,1,1,0,20150501,20150509
11083,0,0,0,0,0,0,1,20150308,20150405
11578,0,0,0,0,0,1,0,20150207,20150301
11058,0,0,0,0,0,0,1,20150308,20150315
11100,0,0,0,0,1,0,0,20150306,20150403
11549,0,0,0,0,1,1,0,20150425,20150530
11550,0,0,0,0,0,1,0,20150321,20150328
11552,0,0,0,0,1,0,0,20150206,20150301
11553,0,0,1,0,1,0,0,20150430,20150529
11277,0,0,0,0,0,1,0,20150307,20150314
11548,0,0,0,0,1,1,1,20150425,20150531
11546,0,0,0,0,0,0,1,20150426,20150531
11178,0,0,0,0,0,1,1,20150307,20150405
11547,0,0,0,0,0,1,1,20150201,20150301
11554,1,1,1,1,0,0,0,20150511,20150528
11562,1,1,1,1,1,1,0,20150425,20150601
11563,1,1,1,1,1,0,1,20150303,20150407
11565,1,1,1,1,1,0,1,20150201,20150301
11564,1,1,1,1,1,0,1,20150511,20150601
11558,1,1,1,1,1,1,1,20150303,20150315
11556,1,1,1,0,0,0,0,20150427,20150506
11560,1,1,1,1,1,1,0,20150303,20150407
11493,0,0,0,0,0,1,1,20150207,20150607
11498,0,0,0,0,0,1,0,20150207,20150606
11497,0,0,0,0,0,0,1,20150208,20150607
11075,1,1,1,1,1,1,1,20150302,20150406
11076,1,1,1,1,1,0,0,20150202,20150301
11074,1,1,1,1,1,0,0,20150406,20150531
11063,1,1,1,1,1,0,0,20150406,20150531
11072,0,0,0,0,0,1,1,20150307,20150405
11051,0,0,0,0,0,0,1,20150503,20150517
11073,1,1,1,1,1,1,0,20150302,20150404
11078,0,0,0,0,0,1,1,20150425,20150517
11079,0,0,0,0,0,1,0,20150425,20150509
11053,0,0,0,0,0,1,1,20150502,20150517
11065,0,0,0,0,0,1,1,20150201,20150301
11062,1,1,1,1,1,1,1,20150302,20150315
11070,0,0,0,0,0,1,1,20150307,20150405
11066,0,0,0,0,0,1,1,20150307,20150315
11064,0,0,0,0,0,1,1,20150330,20150405
11069,0,0,0,0,0,1,1,20150307,20150405
11067,0,0,0,0,0,0,1,20150330,20150415
11068,0,0,0,0,0,0,1,20150201,20150301
11057,0,0,0,0,0,1,1,20150606,20150607
11055,0,0,0,0,0,1,1,20150216,20150301
11054,1,0,0,0,0,1,1,20150523,20150531
11059,0,0,0,0,0,1,1,20150321,20150405
11060,0,0,0,0,0,1,1,20150307,20150315
11160,1,1,1,1,1,0,0,20150202,20150301
11156,1,1,1,1,1,0,0,20150323,20150403
11161,1,1,1,1,1,0,0,20150202,20150301
11157,1,0,0,0,0,0,0,20150309,20150316
11158,1,1,1,1,1,0,0,20150202,20150609
11150,0,0,0,0,0,0,1,20150222,20150301
11148,0,0,0,0,0,1,1,20150307,20150322
11080,0,0,0,0,0,1,0,20150307,20150322
11153,0,0,0,0,0,1,1,20150523,20150524
11151,0,0,0,0,0,1,0,20150502,20150516
11138,1,1,1,1,1,1,1,20150201,20150322
11139,0,0,0,0,0,0,1,20150201,20150405
11136,0,0,0,0,0,0,1,20150504,20150517
11142,0,0,0,0,0,1,1,20150201,20150322
11143,0,0,0,0,0,1,1,20150201,20150315
11141,0,0,0,0,0,1,1,20150201,20150322
11144,1,1,1,1,1,1,1,20150302,20150406
11146,1,1,1,1,1,0,0,20150406,20150426
11140,0,0,0,0,0,1,1,20150201,20150315
11155,0,0,0,0,0,1,0,20150221,20150228
11048,1,1,1,1,1,1,1,20150201,20150609
11049,1,1,1,1,1,1,1,20150302,20150406
11050,0,0,0,0,0,0,1,20150412,20150531
11090,1,1,1,1,1,0,0,20150511,20150609
11091,1,1,1,1,1,0,1,20150302,20150406
11092,1,1,1,1,1,0,0,20150406,20150531
11089,1,1,1,1,1,0,0,20150302,20150327
11095,1,1,1,1,1,0,0,20150302,20150315
11093,1,1,1,1,1,0,0,20150316,20150327
11094,1,1,1,1,1,0,0,20150202,20150215
11088,1,1,1,1,1,0,0,20150406,20150524
11087,0,0,0,0,0,0,1,20150308,20150405
11084,1,1,1,1,1,0,0,20150413,20150426
11086,0,1,1,1,1,0,0,20150407,20150410
11085,1,1,1,1,1,0,0,20150330,20150403
11108,1,1,1,1,1,1,1,20150216,20150301
11107,1,1,1,1,1,0,0,20150407,20150527
11109,1,1,1,1,1,1,1,20150302,20150317
11105,0,0,0,0,1,0,0,20150501,20150517
11110,1,1,1,1,1,0,1,20150318,20150406
11111,1,1,1,1,1,0,0,20150526,20150609
11114,1,1,1,1,1,0,0,20150223,20150227
11101,0,0,0,0,1,0,0,20150511,20150605
11099,0,0,0,0,0,1,1,20150307,20150322
11103,0,0,0,0,0,0,1,20150322,20150329
11125,1,1,1,1,1,0,0,20150318,20150403
11133,1,1,1,1,1,0,0,20150302,20150317
11129,0,0,0,0,0,1,1,20150221,20150301
11128,0,0,0,0,0,0,1,20150222,20150315
11117,1,1,1,1,1,0,0,20150407,20150426
11134,0,0,0,0,0,1,0,20150221,20150314
11118,1,1,1,1,1,1,0,20150302,20150317
11119,0,0,0,0,0,1,0,20150207,20150214
11115,1,1,1,1,1,0,0,20150309,20150320
11116,1,1,1,1,1,1,0,20150216,20150228
11120,1,1,1,1,1,0,0,20150323,20150412
11126,1,1,1,1,0,0,0,20150216,20150226
11122,1,1,1,1,0,0,0,20150407,20150426
11121,1,1,1,1,0,0,0,20150302,20150317
11124,1,1,1,1,0,0,0,20150318,20150402
11096,1,1,1,1,1,1,1,20150223,20150419
11036,1,1,1,1,1,0,0,20150202,20150222
11035,1,1,1,1,1,1,1,20150221,20150609
11018,1,1,1,1,1,1,1,20150201,20150609
11019,1,1,1,1,1,1,1,20150201,20150609
11021,1,1,1,1,1,0,0,20150406,20150417
11026,0,0,0,0,0,1,1,20150209,20150215
11027,1,1,1,1,1,1,1,20150504,20150609
11028,1,1,1,1,1,1,1,20150202,20150609
11022,1,1,1,1,1,1,1,20150504,20150609
11025,0,1,1,1,1,1,0,20150223,20150315
11023,1,1,1,1,1,1,1,20150504,20150609
11024,0,1,1,1,1,0,0,20150223,20150315
11029,1,1,1,1,1,1,1,20150201,20150609
11032,1,1,1,1,1,1,1,20150201,20150609
11031,0,0,0,0,0,1,1,20150502,20150503
11020,0,1,1,1,1,1,0,20150407,20150418
11034,1,1,1,1,1,0,0,20150202,20150609
11033,0,0,0,0,0,1,1,20150330,20150412
11417,1,1,1,1,1,1,1,20150201,20150329
11420,0,0,0,0,1,1,0,20150424,20150425
11418,0,0,0,0,0,0,1,20150201,20150607
11413,0,0,0,0,0,1,0,20150207,20150606
11425,0,0,0,0,0,1,0,20150207,20150328
11422,0,0,0,0,0,0,1,20150201,20150329
11423,1,1,1,1,1,1,0,20150202,20150331
11415,0,0,0,0,0,0,1,20150201,20150607
11414,0,0,0,0,0,0,1,20150427,20150503
11320,0,0,0,0,0,1,1,20150425,20150426
11458,0,0,0,0,0,1,1,20150207,20150215
11468,0,0,0,0,0,1,1,20150207,20150215
11466,1,1,1,1,1,1,1,20150201,20150503
11464,1,1,1,1,1,1,1,20150201,20150503
11463,0,0,0,0,0,1,1,20150302,20150322
11462,0,0,0,0,0,0,1,20150518,20150531
11467,0,0,0,0,0,1,1,20150413,20150426
11010,1,1,1,1,1,1,1,20150201,20150609
11309,1,1,1,1,1,1,1,20150413,20150517
11310,1,1,1,1,1,1,1,20150201,20150609
11325,0,0,0,0,0,1,1,20150223,20150607
11329,0,0,0,0,0,0,1,20150201,20150419
11330,0,0,0,0,0,0,1,20150201,20150329
11326,0,1,1,1,1,0,0,20150203,20150609
11328,1,0,0,0,0,0,0,20150202,20150405
11327,1,0,0,0,0,0,0,20150420,20150504
11316,1,1,1,1,1,1,1,20150201,20150419
11317,1,0,0,0,0,0,1,20150504,20150531
11315,0,0,0,0,0,1,0,20150207,20150606
11314,1,0,0,0,0,0,1,20150406,20150503
11311,1,1,1,1,1,1,1,20150302,20150419
11312,0,0,0,0,0,1,1,20150309,20150329
11321,0,0,0,0,1,1,1,20150501,20150503
11318,0,0,0,0,0,1,1,20150201,20150329
11319,0,0,0,0,0,1,1,20150201,20150329
11322,0,0,0,0,0,1,1,20150413,20150503
11324,1,1,1,1,1,0,0,20150223,20150315
11323,1,1,1,1,1,1,1,20150504,20150524
11370,1,1,1,1,1,1,1,20150201,20150305
11375,1,1,1,1,1,1,1,20150306,20150609
11389,1,1,1,1,1,1,0,20150202,20150305
11335,0,0,0,0,0,1,1,20150314,20150322
11396,1,1,1,1,1,1,0,20150323,20150405
11391,1,1,1,1,1,0,0,20150330,20150410
11392,1,1,1,1,1,1,1,20150413,20150609
11394,1,1,1,1,1,0,1,20150306,20150609
11372,1,1,1,1,1,1,1,20150306,20150609
11393,0,0,0,0,0,1,1,20150316,20150412
11399,0,0,0,0,0,0,1,20150308,20150607
11369,1,1,1,1,1,0,0,20150306,20150609
11368,1,1,1,1,1,0,0,20150202,20150305
11383,0,0,0,0,0,0,1,20150201,20150301
11348,0,0,0,0,1,0,0,20150313,20150320
11395,0,0,0,0,0,0,1,20150201,20150301
11398,1,0,0,0,0,0,0,20150202,20150305
11408,1,0,0,0,0,0,0,20150309,20150609
11411,1,1,1,1,1,1,1,20150413,20150609
11409,0,1,1,1,1,0,0,20150511,20150529
11410,0,1,1,1,1,0,0,20150331,20150403
11406,0,0,0,0,0,1,0,20150307,20150606
11380,0,0,0,0,0,1,0,20150207,20150228
11351,0,0,0,0,0,0,1,20150315,20150322
11404,1,1,1,1,1,0,1,20150201,20150305
11412,1,1,1,1,1,1,0,20150202,20150305
11403,0,1,1,1,1,0,0,20150210,20150227
11401,0,0,0,0,0,1,0,20150511,20150530
11405,1,1,1,1,1,1,0,20150306,20150609
11362,1,1,1,1,1,0,1,20150209,20150301
11360,0,0,0,0,0,0,1,20150201,20150607
11364,0,0,0,0,0,1,0,20150323,20150426
11354,1,1,1,1,1,1,0,20150202,20150609
11363,1,0,0,0,1,0,1,20150427,20150531
11349,0,0,0,0,0,1,0,20150314,20150321
11361,1,1,1,0,0,0,0,20150427,20150524
11341,0,0,0,0,0,0,1,20150201,20150607
11340,1,1,1,1,1,1,1,20150201,20150609
11357,1,1,1,1,1,0,1,20150201,20150609
11356,0,0,0,0,0,1,1,20150316,20150412
11352,1,1,1,1,1,0,0,20150330,20150410
11353,1,1,1,1,1,1,1,20150323,20150609
11355,1,1,1,1,1,1,1,20150201,20150609
11344,0,0,0,0,0,1,1,20150314,20150321
11346,1,1,1,1,1,0,0,20150518,20150605
11343,1,1,1,1,1,1,1,20150406,20150517
11342,1,1,1,1,1,1,0,20150202,20150609
11345,1,1,1,1,1,1,1,20150201,20150609
11359,1,1,1,1,1,0,1,20150201,20150609
11358,0,0,0,0,1,1,1,20150323,20150405
11347,1,0,0,0,0,0,0,20150209,20150222
11366,0,0,0,0,0,1,1,20150316,20150412
11365,1,1,1,1,1,1,1,20150201,20150609
11338,1,0,0,0,0,0,1,20150201,20150609
11339,0,0,0,0,0,1,0,20150207,20150606
11334,1,1,1,1,1,1,1,20150209,20150301
11337,0,0,0,0,0,1,1,20150223,20150607
11336,0,0,0,0,0,0,1,20150413,20150503
11332,0,0,0,0,1,1,0,20150213,20150214
11333,1,0,0,0,0,0,1,20150201,20150609
11371,0,0,0,0,0,1,1,20150323,20150405
11379,0,0,0,0,0,1,0,20150307,20150606
11390,1,1,1,1,1,1,0,20150306,20150609
11382,0,0,0,0,0,0,1,20150308,20150607
11374,0,0,0,0,0,1,1,20150307,20150607
11373,0,0,0,0,0,1,1,20150201,20150301
11385,1,1,1,1,1,1,1,20150223,20150305
11384,0,0,0,0,0,0,1,20150308,20150607
11381,1,1,1,1,1,0,1,20150201,20150305
11376,1,1,1,1,1,1,1,20150323,20150412
11378,1,1,1,1,1,1,1,20150223,20150305
11377,1,1,1,1,1,1,1,20150223,20150305
11388,1,1,1,1,1,0,1,20150306,20150609
11387,0,0,0,0,0,1,0,20150216,20150228
11510,1,1,1,1,1,0,0,20150511,20150609
11665,0,0,0,0,0,0,1,20150201,20150215
11667,0,0,0,0,0,0,1,20150309,20150315
11666,1,1,1,1,1,1,1,20150201,20150609
11620,0,0,0,0,0,1,1,20150307,20150405
11598,0,0,0,0,0,1,1,20150201,20150301
11588,1,1,1,1,1,0,0,20150202,20150301
11622,0,0,0,0,0,0,1,20150201,20150531
11621,0,0,0,0,0,0,1,20150503,20150531
11595,1,1,1,1,1,1,1,20150309,20150601
11627,1,1,1,1,1,0,0,20150303,20150407
11623,0,0,0,0,0,0,1,20150308,20150405
11625,1,1,1,1,1,1,1,20150323,20150407
11626,1,1,1,1,1,1,1,20150309,20150601
11624,0,0,0,0,0,0,1,20150518,20150524
11605,0,0,0,0,0,0,1,20150307,20150329
11596,1,1,1,1,1,0,1,20150303,20150407
11602,0,0,0,0,0,1,0,20150207,20150301
11591,0,0,0,0,1,0,0,20150206,20150301
11628,0,0,0,0,0,1,1,20150321,20150329
11631,0,0,0,0,0,0,1,20150316,20150405
11629,1,1,1,1,1,1,0,20150309,20150601
11630,1,1,1,1,1,1,0,20150303,20150315
11609,0,0,0,0,1,0,0,20150320,20150327
11608,1,0,0,0,0,0,0,20150202,20150524
11610,1,1,1,1,0,0,1,20150303,20150407
11607,1,1,1,1,1,0,1,20150201,20150301
11593,0,0,0,0,0,0,1,20150307,20150404
11594,0,0,0,0,0,1,1,20150201,20150301
11599,0,0,0,0,1,0,0,20150206,20150301
11597,0,0,0,0,0,1,1,20150404,20150405
11590,0,0,0,0,0,1,0,20150511,20150530
11589,1,1,1,1,1,0,0,20150202,20150601
11606,0,0,0,0,1,0,0,20150206,20150301
11604,0,0,0,0,0,0,1,20150307,20150329
11582,1,1,1,1,1,1,1,20150309,20150609
11511,0,0,0,0,0,1,0,20150207,20150606
11581,0,0,0,0,0,1,1,20150201,20150301
11586,1,1,1,1,1,1,0,20150511,20150609
11587,1,1,1,1,1,1,1,20150303,20150406
11580,1,1,1,1,1,1,1,20150413,20150517
11585,1,1,1,1,1,1,1,20150413,20150517
11584,1,1,1,1,1,1,1,20150413,20150517
11583,1,0,0,0,0,0,1,20150308,20150407
11508,1,1,1,1,1,0,0,20150511,20150609
11619,1,1,1,1,1,1,1,20150413,20150517
11615,1,1,1,1,1,1,0,20150202,20150424
11613,0,0,0,0,0,1,1,20150201,20150419
11614,0,0,0,0,1,1,1,20150425,20150510
11617,1,1,1,1,1,1,1,20150425,20150609
11616,1,1,1,1,1,1,1,20150201,20150424
11612,0,0,0,0,0,1,0,20150207,20150418
11633,0,0,0,0,0,1,0,20150418,20150606
11223,0,0,0,0,0,0,1,20150308,20150405
11639,0,0,0,0,0,0,1,20150209,20150301
11640,0,0,0,0,1,0,0,20150425,20150523
11635,1,1,1,1,1,0,1,20150303,20150315
11637,0,0,0,0,0,0,1,20150503,20150524
11638,0,0,0,0,0,0,1,20150425,20150524
11636,0,0,1,1,1,1,1,20150527,20150531
11641,0,0,0,0,0,0,1,20150426,20150524
11634,1,1,1,1,0,0,0,20150425,20150601
11632,0,0,0,0,0,1,0,20150523,20150606
11483,0,0,0,0,0,1,1,20150214,20150215
11486,0,0,0,0,0,1,1,20150207,20150607
11480,1,1,1,1,1,1,1,20150202,20150609
11485,1,1,1,1,1,1,1,20150302,20150405
11484,1,1,1,1,1,1,1,20150302,20150405
11492,1,1,1,1,1,1,1,20150302,20150405
11491,0,0,0,0,0,1,0,20150207,20150606
11490,1,1,1,1,1,1,1,20150207,20150609
11488,1,1,1,1,1,1,1,20150207,20150405
11489,1,1,1,1,1,1,1,20150413,20150609
11482,1,1,1,1,1,1,1,20150207,20150609
11481,1,1,1,1,1,1,1,20150207,20150609
11487,1,1,1,1,1,1,1,20150202,20150609
11478,1,1,1,1,1,0,0,20150202,20150213
11479,1,1,1,1,1,1,1,20150413,20150609
11476,1,1,1,1,1,1,0,20150202,20150215
11643,0,0,0,0,0,1,0,20150207,20150606
11647,0,0,0,0,0,0,1,20150201,20150215
11521,1,1,1,1,1,1,1,20150201,20150609
11648,1,1,1,1,1,1,1,20150201,20150503
11646,0,0,0,0,0,0,1,20150201,20150215
11651,1,1,1,1,1,1,1,20150201,20150609
11650,0,0,0,0,0,1,1,20150201,20150301
11649,0,0,0,0,0,1,1,20150201,20150607
11652,1,1,1,1,1,1,1,20150201,20150609
11653,1,1,1,1,1,1,1,20150201,20150609
11533,0,0,0,0,0,1,1,20150201,20150607
11657,0,0,0,0,0,0,1,20150201,20150607
11529,0,0,0,0,0,0,1,20150223,20150301
11525,0,0,0,0,0,1,1,20150201,20150607
11530,1,1,1,1,1,1,1,20150201,20150524
11526,1,1,1,1,1,1,1,20150302,20150609
11527,1,1,1,1,1,1,1,20150201,20150517
11528,1,1,1,1,1,1,1,20150302,20150524
11518,0,0,0,0,0,1,1,20150201,20150607
11517,0,0,0,0,0,1,1,20150201,20150607
11519,1,1,1,1,1,1,1,20150302,20150609
11520,1,1,1,1,1,1,1,20150201,20150609
11522,1,1,1,1,1,1,1,20150201,20150609
11524,0,0,0,0,0,0,1,20150201,20150607
11523,0,0,0,0,0,1,0,20150207,20150606
11536,1,1,1,1,1,1,1,20150201,20150609
11250,0,0,0,0,0,0,1,20150201,20150607
11535,1,1,1,1,1,1,0,20150202,20150609
11534,1,1,1,1,1,1,1,20150201,20150609
11531,1,1,1,1,1,1,1,20150302,20150524
11532,1,1,1,1,1,1,1,20150201,20150524
11502,1,1,1,1,1,0,1,20150202,20150609
11496,1,1,1,1,1,1,1,20150202,20150609
11499,1,1,1,1,1,1,0,20150202,20150609
11494,0,0,0,0,0,1,1,20150413,20150510
11495,1,1,1,1,1,1,1,20150223,20150609
11501,1,1,1,1,1,0,1,20150202,20150609
11500,1,1,1,1,1,1,1,20150202,20150609
11681,1,0,0,0,0,0,1,20150201,20150609
11680,1,1,1,1,1,1,1,20150406,20150503
11679,1,1,1,1,1,1,1,20150201,20150308
11677,1,1,1,1,1,0,0,20150202,20150308
11675,0,0,0,0,0,1,1,20150201,20150607
11676,1,1,1,1,1,0,0,20150202,20150308
11678,1,1,1,1,1,0,0,20150202,20150609
11507,1,1,1,1,1,1,1,20150202,20150609
11514,1,1,1,1,1,1,1,20150221,20150609
11503,0,0,0,0,0,1,1,20150221,20150607
11512,0,0,0,0,0,0,1,20150201,20150607
11504,1,1,1,1,1,1,1,20150202,20150609
11505,0,0,0,0,0,1,0,20150221,20150606
11506,0,0,0,0,0,0,1,20150222,20150607
11516,1,1,1,1,1,1,1,20150201,20150609
11515,1,1,1,1,1,1,1,20150406,20150609
11007,0,0,0,0,0,1,0,20150207,20150606
11009,1,1,1,1,1,1,1,20150201,20150609
11008,1,1,1,1,1,0,1,20150202,20150609
11477,1,1,1,1,1,0,1,20150201,20150609
11199,0,0,0,0,1,0,0,20150406,20150606
11200,0,0,0,0,1,1,0,20150306,20150404
11201,1,1,1,1,1,0,0,20150413,20150531
11193,1,1,1,1,0,0,0,20150302,20150402
11198,0,0,0,0,1,0,0,20150420,20150510
11203,1,1,1,1,1,0,1,20150302,20150406
11194,1,1,1,1,0,0,0,20150202,20150609
11192,0,0,0,0,1,0,0,20150206,20150605
11197,1,1,1,1,0,0,0,20150413,20150524
11196,1,1,1,1,0,0,0,20150202,20150609
11179,0,0,0,0,0,1,1,20150511,20150607
11180,1,1,1,1,1,1,1,20150201,20150609
11176,1,1,1,1,1,1,1,20150201,20150301
11173,1,1,1,1,1,0,0,20150202,20150206
11171,1,1,1,1,1,1,1,20150323,20150403
11174,1,1,1,1,1,0,0,20150511,20150517
11166,0,1,1,1,1,1,0,20150210,20150214
11167,1,0,0,0,0,0,1,20150201,20150222
11168,1,1,1,1,1,1,1,20150302,20150406
11169,1,1,1,1,1,1,1,20150406,20150510
11170,1,1,1,1,1,1,1,20150302,20150308
11175,1,1,1,1,1,1,1,20150406,20150419
11181,0,0,0,0,0,1,1,20150518,20150531
11182,0,0,0,0,0,1,1,20150518,20150531
11184,0,0,0,0,0,1,1,20150530,20150531
11187,0,0,0,0,0,1,1,20150425,20150517
11191,0,0,0,0,0,1,1,20150425,20150524
11190,0,0,0,0,0,1,1,20150425,20150524
11186,0,0,0,0,0,0,1,20150523,20150531
11188,0,0,0,0,0,1,1,20150412,20150517
11189,0,0,0,0,0,1,1,20150412,20150531
11258,0,0,0,0,0,1,0,20150321,20150404
11257,0,0,0,0,0,0,1,20150308,20150315
11260,0,0,0,0,0,1,0,20150406,20150418
11264,1,1,1,1,1,0,0,20150202,20150301
11265,0,0,0,0,1,0,0,20150420,20150510
11261,0,0,0,0,0,0,1,20150201,20150301
11262,0,0,0,0,0,0,1,20150518,20150531
11248,1,1,1,1,1,0,0,20150202,20150609
11247,0,0,0,0,0,0,1,20150201,20150301
11251,1,1,1,1,1,0,0,20150302,20150315
11245,0,0,0,0,0,1,1,20150406,20150419
11243,0,0,0,0,0,1,1,20150307,20150322
11253,0,1,1,1,1,0,0,20150406,20150426
11254,0,1,1,1,1,0,0,20150302,20150327
11255,1,1,1,1,1,0,0,20150511,20150609
11291,1,1,1,1,1,1,1,20150302,20150317
11290,1,1,1,1,1,1,0,20150323,20150406
11289,1,1,1,1,1,0,0,20150406,20150503
11292,0,0,0,0,0,1,0,20150404,20150405
11295,1,1,1,1,1,0,0,20150318,20150406
11294,1,1,1,1,1,0,0,20150406,20150527
11293,1,1,1,1,1,1,1,20150216,20150317
11286,1,1,1,1,1,0,1,20150318,20150406
11285,1,1,1,1,1,0,1,20150302,20150317
11288,0,0,0,0,0,1,1,20150221,20150315
11302,0,1,1,1,1,0,0,20150318,20150404
11301,0,1,1,1,1,0,0,20150408,20150426
11304,0,0,0,0,0,1,0,20150302,20150405
11299,0,1,1,1,1,1,0,20150303,20150317
11284,1,1,1,1,1,0,1,20150407,20150527
11273,1,0,0,0,0,0,0,20150302,20150316
11275,1,0,0,0,0,0,0,20150202,20150608
11274,1,0,0,0,0,0,0,20150323,20150330
11268,0,0,0,0,0,1,1,20150523,20150530
11272,1,1,1,1,1,0,0,20150302,20150308
11271,1,1,1,1,1,0,0,20150527,20150609
11281,1,1,1,1,1,0,1,20150216,20150301
11280,1,1,1,1,1,0,0,20150420,20150524
11279,1,1,1,1,1,1,1,20150302,20150317
11276,1,1,1,1,1,0,0,20150202,20150215
11163,1,1,1,1,1,0,0,20150302,20150403
11165,0,0,0,1,0,0,0,20150423,20150515
11164,1,1,1,1,1,0,0,20150518,20150609
11162,0,1,1,1,1,1,0,20150203,20150228
11230,1,1,1,1,0,0,0,20150303,20150402
11229,0,0,0,0,1,0,0,20150306,20150605
11233,0,0,0,0,1,0,0,20150410,20150606
11224,1,1,1,1,1,0,1,20150303,20150406
11222,0,0,0,0,0,0,1,20150406,20150419
11227,1,1,1,1,0,0,0,20150407,20150609
11228,0,0,0,0,1,1,0,20150206,20150228
11225,1,1,1,1,1,0,1,20150201,20150301
11226,1,1,1,1,1,0,0,20150407,20150609
11234,0,0,0,0,1,0,0,20150220,20150227
11235,1,1,1,1,1,0,0,20150303,20150403
11241,0,0,0,0,0,1,0,20150307,20150419
11239,0,1,1,1,0,0,0,20150330,20150412
11240,1,1,1,1,0,0,0,20150216,20150302
11237,0,0,0,0,1,0,0,20150427,20150510
11236,1,1,1,1,1,0,0,20150407,20150426
11212,0,0,0,0,1,1,0,20150424,20150516
11208,1,1,1,1,1,1,1,20150201,20150609
11214,0,0,0,0,0,1,1,20150228,20150404
11213,0,0,0,0,0,1,1,20150518,20150607
11215,1,1,1,1,1,1,1,20150202,20150609
11210,0,0,0,0,0,1,1,20150302,20150322
11211,1,1,1,1,1,0,1,20150201,20150609
11209,1,1,1,1,1,1,1,20150201,20150609
11206,1,1,1,1,1,0,0,20150511,20150517
11207,1,1,1,1,1,0,0,20150406,20150531
11216,0,0,0,0,0,1,0,20150425,20150523
11219,0,0,0,0,0,0,1,20150426,20150524
11218,0,0,0,0,0,0,1,20150426,20150524
11217,0,0,0,0,0,1,1,20150425,20150531
11205,1,1,1,1,1,0,0,20150511,20150609
11660,1,0,0,0,0,0,1,20150201,20150301
11658,0,0,0,0,0,1,1,20150201,20150301
11659,1,1,1,1,1,1,1,20150413,20150503
11662,1,1,1,1,1,1,1,20150201,20150609
11661,1,1,1,1,1,1,1,20150201,20150503
11663,1,1,1,1,1,1,1,20150201,20150503
